585
12895
859
12793
40
10151
230
12194
47
10884
3
3
2
P
5
7
3
B
2
6
2
X
1
4
2
X
1
1
1
X
3
4
3
C
1
6
2
P
4
4
3
X
1
7
4
X
1
7
1
B
2
2
1
C
2
1
4
C
4
4
3
B
5
5
1
X
5
7
2
X
1
7
2
B
4
7
4
X
4
7
3
C
4
5
2
X
2
2
4
P
1
3
2
B
1
1
2
C
3
2
4
X
1
5
2
X
5
4
4
P
2
7
4
X
5
2
3
P
2
3
4
C
2
6
2
P
2
6
2
P
3
1
1
P
1
3
3
P
3
4
4
C
4
2
2
C
1
3
1
B
4
2
3
B
3
3
2
C
1
7
4
C
3
7
1
B
1
7
2
B
4
2
2
B
1
7
3
B
1
7
1
P
3
5
2
C
2
2
2
X
5
5
2
B
2
3
3
C
1
4
4
B
2
7
1
P
2
3
4
P
4
7
4
B
2
2
2
B
5
1
4
C
5
1
3
P
1
2
1
C
4
5
4
B
1
3
1
B
3
4
1
B
2
4
3
B
3
7
1
C
3
6
4
P
3
3
1
X
2
2
4
B
3
6
1
P
4
4
4
C
2
1
4
C
4
1
2
P
3
7
3
C
1
2
4
P
5
1
4
C
5
1
1
X
3
6
4
X
2
2
2
P
1
7
1
B
5
1
4
P
2
4
1
X
5
3
4
C
4
6
2
P
1
4
4
C
2
4
1
X
2
3
1
B
3
3
3
X
1
5
4
X
5
1
2
X
4
4
3
P
4
5
3
B
1
3
3
P
4
6
2
C
5
2
2
P
2
4
1
P
4
7
3
B
2
7
1
C
5
1
1
B
5
6
4
X
5
3
3
B
3
5
3
X
2
3
3
P
4
5
4
P
1
7
2
P
1
5
2
P
0